Bus.con = [...
	1	100	1	0	1	1;
	2	100	1	0	1	1;
	3	100	1	0	1	1;
	4	100	1	0	1	1;
	5	100	1	0	1	1;
	6	100	1	0	1	1;
	7	100	1	0	1	1;
	8	100	1	0	1	1;
	9	100	1	0	1	1;
	10	100	1	0	1	1;
	11	100	1	0	1	1;
	12	100	1	0	1	1;
	13	100	1	0	1	1;
	14	100	1	0	1	1;
	15	100	1	0	1	1;
	16	100	1	0	1	1;
	17	100	1	0	1	1;
	18	100	1	0	1	1;
	19	100	1	0	1	1;
	20	100	1	0	1	1;
	21	100	1	0	1	1;
	22	100	1	0	1	1;
	23	100	1	0	1	1;
	24	100	1	0	1	1;
	25	100	1	0	1	1;
	26	100	1	0	1	1;
	27	100	1	0	1	1;
	28	100	1	0	1	1;
	29	100	1	0	1	1;
	30	100	1	0	1	1;
	31	100	1	0	1	1;
	32	100	1	0	1	1;
	33	100	1	0	1	1;
	34	100	1	0	1	1;
	35	100	1	0	1	1;
	36	100	1	0	1	1;
	37	100	1	0	1	1;
	38	100	1	0	1	1;
	39	100	1	0	1	1;
	40	100	1	0	1	1;
];
Line.con = [...
	1	40	100	100	60	0	0	0.000700	0.008220	0.139740	0	0	0	0	0	1;
	1	39	100	100	60	0	0	0.001000	0.025000	0.750000	0	0	0	0	0	1;
	2	3	100	100	60	0	0	0.001300	0.015100	0.257200	0	0	0	0	0	1;
	2	25	100	100	60	0	0	0.007000	0.008600	0.146000	0	0	0	0	0	1;
	3	4	100	100	60	0	0	0.001300	0.021300	0.221400	0	0	0	0	0	1;
	3	18	100	100	60	0	0	0.001100	0.013300	0.213800	0	0	0	0	0	1;
	4	5	100	100	60	0	0	0.000800	0.012800	0.134200	0	0	0	0	0	1;
	4	14	100	100	60	0	0	0.000800	0.012900	0.138200	0	0	0	0	0	1;
	5	6	100	100	60	0	0	0.000200	0.002600	0.043400	0	0	0	0	0	1;
	5	8	100	100	60	0	0	0.000800	0.011200	0.147600	0	0	0	0	0	1;
	6	7	100	100	60	0	0	0.000600	0.009200	0.113000	0	0	0	0	0	1;
	6	11	100	100	60	0	0	0.000700	0.008200	0.138900	0	0	0	0	0	1;
	7	8	100	100	60	0	0	0.000400	0.004600	0.078000	0	0	0	0	0	1;
	8	9	100	100	60	0	0	0.002300	0.036300	0.380400	0	0	0	0	0	1;
	9	39	100	100	60	0	0	0.001000	0.025000	1.200000	0	0	0	0	0	1;
	10	11	100	100	60	0	0	0.000400	0.004300	0.072900	0	0	0	0	0	1;
	10	13	100	100	60	0	0	0.000400	0.004300	0.072900	0	0	0	0	0	1;
	13	14	100	100	60	0	0	0.000900	0.010100	0.172300	0	0	0	0	0	1;
	14	15	100	100	60	0	0	0.001800	0.021700	0.366000	0	0	0	0	0	1;
	15	16	100	100	60	0	0	0.000900	0.009400	0.171000	0	0	0	0	0	1;
	16	17	100	100	60	0	0	0.000700	0.008900	0.134200	0	0	0	0	0	1;
	16	19	100	100	60	0	0	0.001600	0.019500	0.304000	0	0	0	0	0	1;
	16	21	100	100	60	0	0	0.000800	0.013500	0.254800	0	0	0	0	0	1;
	16	24	100	100	60	0	0	0.000300	0.005900	0.068000	0	0	0	0	0	1;
	17	18	100	100	60	0	0	0.000700	0.008200	0.131900	0	0	0	0	0	1;
	17	27	100	100	60	0	0	0.001300	0.017300	0.321600	0	0	0	0	0	1;
	21	22	100	100	60	0	0	0.000800	0.014000	0.256500	0	0	0	0	0	1;
	22	23	100	100	60	0	0	0.000600	0.009600	0.184600	0	0	0	0	0	1;
	23	24	100	100	60	0	0	0.002200	0.035000	0.361000	0	0	0	0	0	1;
	25	26	100	100	60	0	0	0.003200	0.032300	0.513000	0	0	0	0	0	1;
	26	27	100	100	60	0	0	0.001400	0.014700	0.239600	0	0	0	0	0	1;
	26	28	100	100	60	0	0	0.004300	0.047400	0.780200	0	0	0	0	0	1;
	26	29	100	100	60	0	0	0.005700	0.062500	1.029000	0	0	0	0	0	1;
	28	29	100	100	60	0	0	0.001400	0.015100	0.249000	0	0	0	0	0	1;
	29	38	100	100	60	0	0	0.000800	0.015600	0	1.025000	0	0	0	0	1;
	2	30	100	100	60	0	0	0	0.018100	0	1.025000	0	0	0	0	1;
	6	31	100	100	60	0	0	0	0.025000	0	1.070000	0	0	0	0	1;
	10	32	100	100	60	0	0	0	0.020000	0	1.070000	0	0	0	0	1;
	11	12	100	100	60	0	0	0.001600	0.043500	0	1.006000	0	0	0	0	1;
	12	13	100	100	60	0	0	0.001600	0.043500	0	1.006000	0	0	0	0	1;
	19	20	100	100	60	0	0	0.000700	0.013800	0	1.060000	0	0	0	0	1;
	19	33	100	100	60	0	0	0.000700	0.014200	0	1.070000	0	0	0	0	1;
	20	34	100	100	60	0	0	0.000900	0.018000	0	1.009000	0	0	0	0	1;
	22	35	100	100	60	0	0	0	0.014300	0	1.025000	0	0	0	0	1;
	25	37	100	100	60	0	0	0.000600	0.023200	0	1.025000	0	0	0	0	1;
	23	36	100	100	60	0	0	0.000500	0.027200	0	1	0	0	0	0	1;
	40	2	100	100	60	0	0	0.002800	0.032880	0.558960	0	0	0	0	0	1;
];
Breaker.con = [...
	1	1	100	100	60	1	1.016667	200	1	0;
	47	2	100	100	60	1	1.016667	200	1	0;
];
Fault.con = [...
	40	100	100	60	1	1.016667	0	0;
];
SW.con = [...
	31	100	100	0.998800	0	300	-100	1.100000	0.900000	6.778710	1	1	1;
];
PV.con = [...
	30	100	100	3.500000	1.047681	400	140	1.100000	0.900000	1	1;
	32	100	100	5.184047	0.991940	300	150	1.100000	0.900000	1	1;
	33	100	100	5.066310	1.000567	250	0	1.100000	0.900000	1	1;
	34	100	100	5.058866	1.009777	167	0	1.100000	0.900000	1	1;
	35	100	100	5.110746	1.044131	300	-100	1.100000	0.900000	1	1;
	36	100	100	5.085656	1.059999	240	0	1.100000	0.900000	1	1;
	37	100	100	5.053441	1.030814	250	0	1.100000	0.900000	1	1;
	38	100	100	5.067919	1.008737	300	-150	1.100000	0.900000	1	1;
	39	100	100	-2.832000	0.991785	300	-100	1.100000	0.900000	1	1;
];
PQ.con = [...
	1	100	100	0.780800	0.353600	1.200000	0.800000	0	1;
	2	100	100	0	0	1.200000	0.800000	0	1;
	3	100	100	2.576000	0.019200	1.200000	0.800000	0	1;
	4	100	100	4	1.472000	1.200000	0.800000	0	1;
	5	100	100	0	0	1.200000	0.800000	0	1;
	6	100	100	0	0	1.200000	0.800000	0	1;
	7	100	100	1.870400	0.672000	1.200000	0.800000	0	1;
	8	100	100	4.176000	1.412800	1.200000	0.800000	0	1;
	9	100	100	0.052000	-0.532800	1.200000	0.800000	0	1;
	10	100	100	0	0	1.200000	0.800000	0	1;
	11	100	100	0	0	1.200000	0.800000	0	1;
	12	100	100	0.068240	0.704000	1.200000	0.800000	0	1;
	13	100	100	0	0	1.200000	0.800000	0	1;
	14	100	100	0	0	1.200000	0.800000	0	1;
	15	100	100	2.560000	1.224000	1.200000	0.800000	0	1;
	16	100	100	2.632000	0.258400	1.200000	0.800000	0	1;
	17	100	100	0	0	1.200000	0.800000	0	1;
	18	100	100	1.264000	0.240000	1.200000	0.800000	0	1;
	19	100	100	0	0	1.200000	0.800000	0	1;
	20	100	100	5.440000	0.824000	1.200000	0.800000	0	1;
	21	100	100	2.192000	0.920000	1.200000	0.800000	0	1;
	22	100	100	0	0	1.200000	0.800000	0	1;
	23	100	100	1.980000	0.676800	1.200000	0.800000	0	1;
	24	100	100	2.468800	-0.737600	1.200000	0.800000	0	1;
	25	100	100	1.792000	0.377600	1.200000	0.800000	0	1;
	26	100	100	1.112000	0.136000	1.200000	0.800000	0	1;
	27	100	100	2.248000	0.604000	1.200000	0.800000	0	1;
	28	100	100	1.648000	0.220800	1.200000	0.800000	0	1;
	29	100	100	2.268000	0.215200	1.200000	0.800000	0	1;
	40	100	100	0	0	1.200000	0.800000	0	1;
];
Syn.con = [...
	30	100	100	60	4	0.012500	0	0.100000	0.031000	0	10.200000	0	0.069000	0.008000	0	0.001000	0	84	0	0	0	1	1	0.002000	0	0	1	1;
	31	100	100	60	4	0.035000	0	0.295000	0.069700	0	6.560000	0	0.282000	0.170000	0	1.500000	0	60.600000	0	0	0	1	1	0.002000	0	0	1	1;
	32	100	100	60	4	0.030400	0	0.249500	0.053100	0	5.700000	0	0.237000	0.087600	0	1.500000	0	71.600000	0	0	0	1	1	0.002000	0	0	1	1;
	33	100	100	60	4	0.029500	0	0.262000	0.043600	0	5.690000	0	0.258000	0.166000	0	1.500000	0	57.200000	0	0	0	1	1	0.002000	0	0	1	1;
	34	100	100	60	4	0.054000	0	0.670000	0.132000	0	5.400000	0	0.620000	0.166000	0	0.440000	0	52	0	0	0	1	1	0.002000	0	0	1	1;
	35	100	100	60	4	0.022400	0	0.254000	0.050000	0	7.300000	0	0.241000	0.081400	0	0.400000	0	69.600000	0	0	0	1	1	0.002000	0	0	1	1;
	36	100	100	60	4	0.032200	0	0.295000	0.049000	0	5.660000	0	0.292000	0.186000	0	1.500000	0	52.800000	0	0	0	1	1	0.002000	0	0	1	1;
	37	100	100	60	4	0.028000	0	0.290000	0.057000	0	6.700000	0	0.280000	0.091100	0	0.410000	0	48.600000	0	0	0	1	1	0.002000	0	0	1	1;
	38	100	100	60	4	0.029800	0	0.210600	0.057000	0	4.790000	0	0.205000	0.058700	0	1.960000	0	69	0	0	0	1	1	0.002000	0	0	1	1;
	39	100	100	60	4	0.003000	0	0.020000	0.006000	0	7	0	0.019000	0.008000	0	0.700000	0	1000	0	0	0	1	1	0.002000	0	0	1	1;
];
Exc.con = [...
	1	2	1	-1	5	0.060000	0.040000	1	0.250000	0.250000	0.001000	0.002330	0.997142	1;
	2	2	1	-1	6.200000	0.050000	0.057000	0.500000	-0.633000	0.405000	0.001000	0.278438	0.284230	1;
	3	2	1	-1	5	0.060000	0.080000	1	-0.019800	0.500000	0.001000	0.007267	1.231375	1;
	4	2	1	-1	5	0.060000	0.080000	1	-0.052500	0.500000	0.001000	0.001323	1.430265	1;
	5	2	10	-10	40	0.020000	0.030000	1	1	0.785000	0.001000	0.000032	1.959621	1;
	6	2	1	-15	5	0.020000	0.075400	1.246000	-0.041900	0.471000	0.001000	0.001061	1.142999	1;
	7	2	6.500000	-6.500000	40	0.020000	0.030000	1	1	0.730000	0.001000	0.194719	0.357394	1;
	8	2	1	-1	5	0.020000	0.085400	1.260000	-0.047000	0.528000	0.001000	0.001198	1.283326	1;
	9	2	10.500000	-10.500000	40	0.020000	0.030000	1	1.400000	1.400000	0.001000	0.240608	0.222364	1;
];
