mpc.bus = [ ...
    %Bus number(int)   
    %Voltage base(kV)
    %Voltage amplitude initial guess(p.u.)   初值1∠0
    %Voltage phase initial guess(rad)        初值1∠0
    %Area number (not used yet...)(int)
    %Region number (not used yet...) (int)
1	100	1	0	1	1;
2	100	1	0	1	1;
3	100	1	0	1	1;
4	100	1	0	1	1;
5	100	1	0	1	1;
6	100	1	0	1	1;
7	100	1	0	1	1;
8	100	1	0	1	1;
9	100	1	0	1	1;
10	100	1	0	1	1;
11	100	1	0	1	1;
12	100	1	0	1	1;
13	100	1	0	1	1;
14	100	1	0	1	1;
15	100	1	0	1	1;
16	100	1	0	1	1;
17	100	1	0	1	1;
18	100	1	0	1	1;
19	100	1	0	1	1;
20	100	1	0	1	1;
21	100	1	0	1	1;
22	100	1	0	1	1;
23	100	1	0	1	1;
24	100	1	0	1	1;
25	100	1	0	1	1;
26	100	1	0	1	1;
27	100	1	0	1	1;
28	100	1	0	1	1;
29	100	1	0	1	1;
30	100	1	0	1	1;
31	100	1	0	1	1;
32	100	1	0	1	1;
33	100	1	0	1	1;
34	100	1	0	1	1;
35	100	1	0	1	1;
36	100	1	0	1	1;
37	100	1	0	1	1;
38	100	1	0	1	1;
39	100	1	0	1	1;

  ];

%%为了使能在线路中点处发生三相短路故障，必须要把有变压器的线路挪到最后！！！！
mpc.line = [ ...            %r        x         b
1	2	100	100	60	0	0	0.0035	0.0411	0.6987	0	0	0	0	0	1	;
1	39	100	100	60	0	0	0.001	0.025	0.75	0	0	0	0	0	1	;
2	3	100	100	60	0	0	0.0013	0.0151	0.2572	0	0	0	0	0	1	;
2	25	100	100	60	0	0	0.007	0.0086	0.146	0	0	0	0	0	1	;
3	4	100	100	60	0	0	0.0013	0.0213	0.2214	0	0	0	0	0	1	;
3	18	100	100	60	0	0	0.0011	0.0133	0.2138	0	0	0	0	0	1	;
4	5	100	100	60	0	0	0.0008	0.0128	0.1342	0	0	0	0	0	1	;
4	14	100	100	60	0	0	0.0008	0.0129	0.1382	0	0	0	0	0	1	;
5	6	100	100	60	0	0	0.0002	0.0026	0.0434	0	0	0	0	0	1	;
5	8	100	100	60	0	0	0.0008	0.0112	0.1476	0	0	0	0	0	1	;
6	7	100	100	60	0	0	0.0006	0.0092	0.113	0	0	0	0	0	1	;
6	11	100	100	60	0	0	0.0007	0.0082	0.1389	0	0	0	0	0	1	;
7	8	100	100	60	0	0	0.0004	0.0046	0.078	0	0	0	0	0	1	;
8	9	100	100	60	0	0	0.0023	0.0363	0.3804	0	0	0	0	0	1	;
9	39	100	100	60	0	0	0.001	0.025	1.2     0	0	0	0	0	1	;
10	11	100	100	60	0	0	0.0004	0.0043	0.0729	0	0	0	0	0	1	;
10	13	100	100	60	0	0	0.0004	0.0043	0.0729	0	0	0	0	0	1	;
13	14	100	100	60	0	0	0.0009	0.0101	0.1723	0	0	0	0	0	1	;
14	15	100	100	60	0	0	0.0018	0.0217	0.366	0	0	0	0	0	1	;
15	16	100	100	60	0	0	0.0009	0.0094	0.171	0	0	0	0	0	1	;
16	17	100	100	60	0	0	0.0007	0.0089	0.1342	0	0	0	0	0	1	;
16	19	100	100	60	0	0	0.0016	0.0195	0.304	0	0	0	0	0	1	;
16	21	100	100	60	0	0	0.0008	0.0135	0.2548	0	0	0	0	0	1	;
16	24	100	100	60	0	0	0.0003	0.0059	0.068	0	0	0	0	0	1	;
17	18	100	100	60	0	0	0.0007	0.0082	0.1319	0	0	0	0	0	1	;
17	27	100	100	60	0	0	0.0013	0.0173	0.3216	0	0	0	0	0	1	;
21	22	100	100	60	0	0	0.0008	0.014	0.2565	0	0	0	0	0	1	;
22	23	100	100	60	0	0	0.0006	0.0096	0.1846	0	0	0	0	0	1	;
23	24	100	100	60	0	0	0.0022	0.035	0.361	0	0	0	0	0	1	;
25	26	100	100	60	0	0	0.0032	0.0323	0.513	0	0	0	0	0	1	;
26	27	100	100	60	0	0	0.0014	0.0147	0.2396	0	0	0	0	0	1	;
26	28	100	100	60	0	0	0.0043	0.0474	0.7802	0	0	0	0	0	1	;
26	29	100	100	60	0	0	0.0057	0.0625	1.029	0	0	0	0	0	1	;
28	29	100	100	60	0	0	0.0014	0.0151	0.249	0	0	0	0	0	1	;
29	38	100	100	60	0	0	0.0008	0.0156	0	1.025	0	0	0	0	1	;
2	30	100	100	60	0	0	0       0.0181	0	1.025	0	0	0	0	1	;
6	31	100	100	60	0	0	0       0.025	0	1.07	0	0	0	0	1	;
10	32	100	100	60	0	0	0       0.02	0	1.07	0	0	0	0	1	;
11	12	100	100	60	0	0	0.0016	0.0435	0	1.006	0	0	0	0	1	;
12	13	100	100	60	0	0	0.0016	0.0435	0	1.006	0	0	0	0	1	;
19	20	100	100	60	0	0	0.0007	0.0138	0	1.06	0	0	0	0	1	;
19	33	100	100	60	0	0	0.0007	0.0142	0	1.07	0	0	0	0	1	;
20	34	100	100	60	0	0	0.0009	0.018	0	1.009	0	0	0	0	1	;
22	35	100	100	60	0	0	0       0.0143	0	1.025	0	0	0	0	1	;
25	37	100	100	60	0	0	0.0006	0.0232	0	1.025	0	0	0	0	1	;
23	36	100	100	60	0	0	0.0005	0.0272	0	1       0	0	0	0	1	;
  ];

mpc.breaker = [...
	7	18	100	100	60	1	1.200000	200	1	0;
];

mpc.fault = [ ... 
  18  100  100  60  1  1.2  0  0;
 ];
%故障线路           故障开始时间 故障清除时间


mpc.SW = [ ...
  31 100 100  0.98200  0.00000 300 -100 1.1 0.9  6.77871 1 1 1;
  ];

mpc.PV = [ ...
30	100	100	2.5     1.0475	400	140     1.1	0.9	1	1	;
32	100	100	6.5     0.9831	300	150     1.1	0.9	1	1	;
33	100	100	6.32	0.9972	250	0       1.1	0.9	1	1	;
34	100	100	5.08	1.0123	167	0       1.1	0.9	1	1	;
35	100	100	6.5     1.0493	300	-100	1.1	0.9	1	1	;
36	100	100	5.6     1.0635	240	0       1.1	0.9	1	1	;
37	100	100	5.4     1.0278	250	0       1.1	0.9	1	1	;
38	100	100	8.3     1.0265	300	-150	1.1	0.9	1	1	;
39	100	100	-1.04   1.03	300	-100	1.1	0.9	1	1	;%39号节点既有发电机又有负荷，则。。。
  ];      %电压幅值   相角    P    Q
mpc.PQ = [ ...
1	100	100	0       0       1.2	0.8	0	1	;
2	100	100	0       0       1.2	0.8	0	1	;
3	100	100	3.22	0.024	1.2	0.8	0	1	;
4	100	100	5       1.84	1.2	0.8	0	1	;
5	100	100	0       0       1.2	0.8	0	1	;
6	100	100	0       0       1.2	0.8	0	1	;
7	100	100	2.338	0.84	1.2	0.8	0	1	;
8	100	100	5.22	1.76	1.2	0.8	0	1	;
9	100	100	0       0       1.2	0.8	0	1	;
10	100	100	0       0       1.2	0.8	0	1	;
11	100	100	0       0       1.2	0.8	0	1	;
12	100	100	0.075	0.88	1.2	0.8	0	1	;
13	100	100	0       0       1.2	0.8	0	1	;
14	100	100	0       0       1.2	0.8	0	1	;
15	100	100	3.2     1.53	1.2	0.8	0	1	;
16	100	100	3.29	0.323	1.2	0.8	0	1	;
17	100	100	0       0       1.2	0.8	0	1	;
18	100	100	1.58	0.3     1.2	0.8	0	1	;
19	100	100	0       0       1.2	0.8	0	1	;
20	100	100	6.28    1.03	1.2	0.8	0	1	;
21	100	100	2.74	1.15	1.2	0.8	0	1	;
22	100	100	0       0       1.2	0.8	0	1	;
23	100	100	2.475	0.846	1.2	0.8	0	1	;
24	100	100	3.086	-0.922	1.2	0.8	0	1	;
25	100	100	2.24	0.472	1.2	0.8	0	1	;
26	100	100	1.39	0.17	1.2	0.8	0	1	;
27	100	100	2.81	0.755	1.2	0.8	0	1	;
28	100	100	2.06	0.276	1.2	0.8	0	1	;
29	100	100	2.835	0.269	1.2	0.8	0	1	;
  ];

%16列修改
mpc.syn=[...
%               阶数 Xl     ra  xd      xd'    xd'' Tdo'    Tdo''   xq       xq'    xq'' Tq'        Tq''     2H     D
30	100	100	60	4	0.0125	0	0.1     0.031	0	10.2	0       0.069	0.008	0	0.001       0       84      0   0  0  1  1  0.002  0  0  1  1;
31	100	100	60	4	0.035	0	0.295	0.0697	0	6.56	0       0.282	0.17	0	1.5     	0       60.6	0   0  0  1  1  0.002  0  0  1  1;
32	100	100	60	4	0.0304	0	0.2495	0.0531	0	5.7     0       0.237	0.0876	0   1.5     	0       71.6	0   0  0  1  1  0.002  0  0  1  1;
33	100	100	60	4	0.0295	0	0.262	0.0436	0	5.69	0       0.258	0.166	0	1.5     	0       57.2	0   0  0  1  1  0.002  0  0  1  1;
34	100	100	60	4	0.054	0	0.67	0.132	0	5.4     0       0.62	0.166	0   0.44       	0       52      0   0  0  1  1  0.002  0  0  1  1;
35	100	100	60	4	0.0224	0	0.254	0.05	0	7.3     0       0.241	0.0814	0   0.4     	0       69.6	0   0  0  1  1  0.002  0  0  1  1;
36	100	100	60	4	0.0322	0	0.295	0.049	0	5.66	0       0.292	0.186	0	1.5     	0       52.8	0   0  0  1  1  0.002  0  0  1  1;
37	100	100	60	4	0.028	0	0.29	0.057	0	6.7     0       0.28	0.0911	0   0.41    	0       48.6	0   0  0  1  1  0.002  0  0  1  1;
38	100	100	60	4	0.0298	0	0.2106	0.057	0	4.79	0       0.205	0.0587	0	1.96    	0       69      0   0  0  1  1  0.002  0  0  1  1;
39	100	100	60	4	0.003	0	0.02	0.006	0	7       0       0.019	0.008	0   0.7         0       1000	0   0  0  1  1  0.002  0  0  1  1;%
  ];

mpc.exc = [ ... 
    %励磁类型    Vrmax  Vrmin   Ka    Ta       Kf      Tf      -     Te    Tr      Ae        Be   0,1 
% 30       2       1      -1      5     0.06   0.04    1      0.01   0.25    0  0.0039   1.555;  
% 31       2       1      -1      6.2   0.05   0.057   0.5    0.01   0.405   0  0.0039   1.555;  
% 32       2       1      -1      5     0.06   0.08    1      0.01   0.5     0  0.0039   1.555;
% 33       2       1      -1      5     0.06   0.08    1      0.01   0.5     0  0.0039   1.555;
% 34       2       10     -10     40    0.02   0.03    1      0.01   0.785   0  0.0039   1.555;
% 35       2       1      -15     5     0.02   0.0754  1.246  0.01   0.471   0  0.0039   1.555;
% 36       2       6.5    -6.5    40    0.02   0.03    1      0.01   0.73    0  0.0039   1.555;
% 37       2       1      -1      5     0.02   0.0854  1.26   0.01   0.528   0  0.0039   1.555;
% 38       2       10.5   -10.5   40    0.02   0.03    1      0.01   1.4     0  0.0039   1.555;
% 39       2       0      0       0     0      0       0      0.01   0       0  0.0039   1.555;];
